0
0
5
1370
1100
600
1480
0
50
0
500
500
0
2500
0
500
0
15
3
188
190
190
7
2000
2000
False
False
False
False
False
False
False
False
False
False
True
False
True
False
False
False
0
0
0
0
30
50
50
50
0
0
60
80
0
0
40
80
100
100
2500
60
70
60
70
1000
500
60
70
60
70
80
80
60
80
30
50
90
90
80
80
70
90
60
60
0
30
50
1430
1
0
1120
700
600
1300
0
0
0
5
1370
1100
600
1480
0
50
0
500
500
0
2500
0
500
0
15
3
187
190
190
7
1900
False
False
False
False
False
False
False
False
False
False
False
True
False
True
False
False
0
20
0
0
0
30
50
50
70
0
0
60
60
0
0
40
60
80
100
2500
60
66
60
65
1000
300
60
66
60
30
35
40
40
70
70
40
50
50
50
50
55
50
50
0
100
100
1450
1
0
1110
700
600
1230
